intrinsic:
1661.6079931371382 0.0 842.5747057704033 
0.0 1666.1777217198353 520.1389163730331 
0.0 0.0 1.0 
distortion:
-0.30752348248226674 0.4540566708432747 0.0093248064852139 0.0050331457366487335 0.5341529307552948 
