intrinsic:
1655.2407247388903 0.0 1042.2380619837568 
0.0 1649.76635591878 590.2562906469209 
0.0 0.0 1.0 
distortion:
-0.3576372479832782 0.35962149132853005 0.0002005560528842616 -0.00850741051442474 0.33326183028709666 
